Element	AtomicRadius_pm	MeltingTemp_K	Electronegativity	VEC	H-Binding energy	OH-Binding energy	Work Function 	E	D_H 
Sc	164.1	1814	1.36	3	-0.6	-1.14	3.5	-2.37	5.00E-11
Ti	146.2	1941	1.54	4	0.43	-0.76	4.33	-1.63	1.00E-11
V	131.6	2183	1.63	5	1	0.04	4.3	-1.13	1.00E-07
Cr	124.9	2180	1.66	6	0.8	0.91	4.5	-0.9	3.00E-08
Mn	135	1519	1.55	7	-1	1.44	4.1	1.51	1.00E-09
Fe	124.1	1811	1.83	8	-0.3	1.5	4.74	0.771	1.00E-08
Co	125.1	1768	1.88	9	-0.3	2	5	1.92	1.00E-13
Ni	124.6	1728	1.91	10	-0.3	2.29	5.2	-0.257	1.00E-13
Cu	127.8	1357.77	1.9	11	0.24	2.44	4.82	0.521	1.00E-16
Zn	139.5	692.88	1.65	12	0.4	0.39	4.27	-0.762	1.00E-12
Y	180.2	1799	1.22	3	-0.415	-1.25	3.1	-2.372	1.00E-10
Zr	160.3	2128	1.33	4	-3	-1	4.05	-1.45	1.00E-10
Nb	142.9	2750	1.6	5	-0.6	-0.48	4.3	-1.099	1.00E-07
Mo	136.3	2896	2.16	6	-0.4	0.24	4.66	-0.2	1.00E-08
Ru	133.8	2607	2.2	8	0.42	1.43	4.71	0.455	5.00E-13
Rh	134.5	2237	2.28	9	-0.1	1.77	4.98	0.758	5.00E-13
Pd	137.5	1828.05	2.2	10	-0.1	2.3	5.41	0.95	1.00E-11
Ag	144.5	1234.93	1.93	11	0.5	2.38	4.5	0.8	1.00E-16
Cd	156.8	594.22	1.69	12	0.4	0.28	4.08	0.4	5.00E-13
Hf	157.8	2506	1.3	4	1	-1.01	3.9	-1.55	5.00E-11
Ta	143	3290	1.5	5	-0.5	-0.47	4.4	-0.45	5.00E-08
W	136.7	3695	2.36	6	-0.5	0.09	4.43	-0.09	5.00E-09
Re	137.5	3459	1.9	7	-0.3	0.67	4.72	0.3	1.00E-12
Os	135.2	3306	2.2	8	-0.49	1.16	5	0.838	5.00E-13
Ir	135.7	2719	2.2	9	0.05	1.49	5.7	1.156	5.00E-13
Pt	138.7	2041.4	2.28	10	0.094	2.26	5.6	1.18	1.00E-12
Au	144.2	1337.33	2.54	11	0.45	2.78	5.29	1.52	1.00E-17
Al	143.2	933.47	1.61	3	0.7	0.38	4.16	-1.66	1.00E-15
Ga	139.2	302.91	1.81	3	0.3	0.34	4.32	-0.56	1.00E-14
In	165.9	429.75	1.78	3	0.3	0.29	4.09	-0.34	1.00E-13
Sn	162	505.08	1.96	4	0.3	0.43	4.42	0.151	1.00E-13
Sb	145	903.78	2.05	5	0.6	0.49	4.63	0.212	1.00E-14
Pb	175	600.61	2.33	4	0.4	0.34	4.14	1.45	1.00E-12
Bi	160	544.4	2.02	5	0.35	0.39	4.31	0.32	1.00E-14
La	187.9	1193	1.1	3	-0.2	0.04	3.5	-2.379	1.00E-10
Ce	182.5	1068	1.12	3	-0.6	-0.25	2.9	1.72	1.00E-10
Pr	165	1208	1.13	3	-0.6	-0.2	2.7	-2.353	1.00E-10
Nd	164	1294	1.14	3	-0.5	-0.11	3.2	-2.323	1.00E-10
Gd	180.1	1585	1.2	3	0.2	-0.16	2.9	-2.279	5.00E-11
